---
13 00 00 00
0b 00 00 00
---
93 00 31 00
2b 00 00 00
---
37 03 00 40
93 02 00 00
63 00 03 02
b3 e3 62 00
93 d2 12 00
63 46 75 00
33 05 75 40
b3 e2 62 00
13 53 23 00
6f f0 5f fe
13 85 02 00
---
13 01 01 fe
23 2e 11 00
23 2c 81 00
13 04 01 02
23 26 a4 fe
83 27 c4 fe
63 58 f0 00
83 27 c4 fe
93 87 37 00
6f 00 c0 00
83 27 c4 fe
b3 87 f7 02
13 85 07 00
83 20 c1 01
03 24 81 01
13 01 01 02
67 80 00 00
---
13 01 01 fe
23 2e 11 00
23 2c 81 00
13 04 01 02
23 26 a4 fe
23 24 b4 fe
83 27 84 fe
87 a7 07 00
53 07 00 f0
d3 a7 e7 a0
63 86 07 02
83 27 84 fe
93 87 47 00
87 a7 07 00
53 07 00 f0
d3 a7 e7 a0
63 86 07 00
93 07 f0 ff
6f 00 40 03
93 07 00 00
6f 00 c0 02
83 27 84 fe
93 87 47 00
87 a7 07 00
53 97 f7 20
83 27 84 fe
87 a7 07 00
d3 77 f7 18
83 27 c4 fe
27 a0 f7 00
93 07 10 00
13 85 07 00
83 20 c1 01
03 24 81 01
13 01 01 02
67 80 00 00
---